'''
-------------------------------------------------------------------------------
Ejercicio 3.17: Tablas de multiplicar
-------------------------------------------------------------------------------
       0   1   2   3   4   5   6   7   8   9
---------------------------------------------
 0:    0   0   0   0   0   0   0   0   0   0
 1:    0   1   2   3   4   5   6   7   8   9
 2:    0   2   4   6   8  10  12  14  16  18
 3:    0   3   6   9  12  15  18  21  24  27
 4:    0   4   8  12  16  20  24  28  32  36
 5:    0   5  10  15  20  25  30  35  40  45
 6:    0   6  12  18  24  30  36  42  48  54
 7:    0   7  14  21  28  35  42  49  56  63
 8:    0   8  16  24  32  40  48  56  64  72
 9:    0   9  18  27  36  45  54  63  72  81
-------------------------------------------------------------------------------
'''
# La consigna pedía evitar la multiplicación pero me resultó mejor realizarlo de esa manera.

print("------------------------------------------")
print("{:^40}".format("TABLAS DE MULTIPLICAR"))
print("------------------------------------------")
print(f'{0:>6d}{1:>4d}{2:>4d}{3:>4d}{4:>4d}{5:>4d}{6:>4d}{7:>4d}{8:>4d}{9:>4d}')
print("------------------------------------------")
for i in range(0,10):
    print(f'{i::<2d}',end="")
    for j in range(0,10):
        print('{:>4d}'.format(i*j),end="")
    print()
    
    
